
strategic_region={
	id=6
	name="STRATEGICREGION_6"
	provinces={
		2 4 5 21 30 37 45 88 97 146 176 179 195 217 234 254 270 275 319 325 363 396 408 441 444 463 482 483 502 539 578 584 587 607 623 627 629 633 676 691 692 707 711 715 768 805 812 820 835 874 878 882 888 894 895 965 987 1007 1015 1025 1052 1076 1089 1103 1106 1156 1177 1194 1208 1267 1289 1297 1305 1330 1360 1370 1407 1412 1429 1441 1462 1472 1485 1535 1558 1564 1569 1601 1616 1619 1705 1721 1762 1782 1813 1847 1859 1914 1936 1937 1939 1968 1978 2035 2059 2142 2147 2154 2156 2194 2312 2334 2428 2522 2534 2542 2619 2653 2712 2724 2725 2738 2760 2762 2877 2881 2986 2998 3001 3043 3055 3120 3127 3180 3191 3192 3196 3205 3224 3252 3291 3294 3300 3316 3417 3468 3493 3498 3557 3564 3587 3641 3654 3703 3724 3797 3849 3908 3911 3959 4000 4139 4192 4198 4209 4233 4240 4263 4274 4314 4333 4337 4338 4364 4366 4393 4409 4436 4437 4438 4458 4498 4500 4550 4603 4610 4616 4699 4731 4794 4822 4975 4976 4983 5020 5051 5056 5066 5080 5083 5102 5109 5187 5196 5249 5258 5287 5319 5359 5374 5398 5413 5468 5475 5505 5524 5539 5570 5632 5637 5672 5676 5689 5732 5750 5766 5784 5806 5833 5841 5853 5859 5865 5937 6008 6024 6070 6084 6123 6133 6164 6183 6308 6357 6407 11156 11165 11184 11193 11202 11203 11212 11216 11221 11224 11225 11228 11232 11234 11235 11243 11247 11249 11252 11254 11266 11271 11272 11273 11274 11281 11282 11284 11285 11288 11294 11298 11302 11306 11312 11315 11318 11320 11321 11322 11323 11328 11332 11334 11336 11337 11343 11352 11354 11358 11360 11365 11367 11372 11374 11378 11380 11381 11382 11383 11386 11387 11388 11389 11390 11391 11394 11398 11399 11400 11402 11404 11405 11407 11409 11411 11413 11416 11417 11418 11420 11421 11426 11427 11428 11433 11439 11440 11441 11444 11446 11447 11449 11450 11452 11455 11457 11458 11463 11464 11466 11467 11468 11470 
	}
	weather={
		period={
			between={ 0.0 31.12 }
			temperature={ -15.0 0.0 }
			no_phenomenon=0.500
			rain_light=1.000
			rain_heavy=0.150
			snow=0.500
			blizzard=0.000
			arctic_water=0.000
			mud=0.300
			sandstorm=0.000
			min_snow_level=0.100
		}
	}
}
