strategic_region={
	id=7
	name="STRATEGICREGION_7"
	provinces={
		17 26 54 68 86 117 127 155 224 232 247 278 279 280 286 294 296 306 317 360 369 391 395 424 430 471 484 512 558 561 594 667 678 679 695 700 727 730 745 749 775 790 830 832 834 844 881 900 925 953 975 980 991 1009 1043 1046 1050 1055 1091 1096 1105 1150 1185 1244 1248 1249 1268 1292 1295 1298 1309 1362 1373 1384 1411 1430 1435 1447 1453 1469 1530 1542 1571 1577 1593 1606 1626 1629 1647 1693 1697 1720 1724 1752 1755 1786 1790 1797 1799 1821 1850 1892 1902 1905 1922 1930 1951 1955 1977 2001 2045 2053 2105 2107 2122 2128 2174 2205 2216 2217 2223 2286 2287 2329 2333 2359 2388 2398 2439 2444 2464 2470 2488 2524 2527 2548 2555 2579 2580 2598 2640 2649 2658 2669 2671 2690 2702 2706 2716 2771 2780 2805 2809 2828 2832 2841 2851 2898 2899 2901 2934 2940 2988 2991 3010 3013 3024 3035 3063 3099 3103 3115 3128 3132 3135 3142 3183 3207 3217 3253 3257 3258 3272 3279 3284 3321 3336 3337 3377 3395 3419 3428 3439 3444 3464 3485 3502 3547 3560 3561 3569 3601 3625 3635 3642 3653 3686 3688 3747 3750 3768 3771 3773 3802 3824 3828 3842 3844 3852 3879 3902 3912 3969 3978 3987 4017 4025 4041 4043 4060 4071 4077 4079 4123 4134 4160 4168 4179 4193 4194 4216 4244 4251 4269 4300 4311 4312 4334 4335 4360 4370 4401 4491 4502 4508 4564 4565 4571 4583 4591 4612 4624 4663 4665 4709 4714 4721 4745 4767 4770 4781 4798 4828 4834 4839 4845 4866 4868 4890 4896 4897 4901 4905 4927 4935 4988 5003 5019 5031 5091 5095 5100 5141 5151 5157 5171 5222 5223 5239 5265 5268 5292 5333 5363 5379 5400 5423 5434 5454 5480 5482 5490 5530 5565 5568 5583 5587 5593 5601 5614 5625 5659 5663 5669 5677 5681 5702 5739 5745 5758 5760 5767 5769 5826 5836 5839 5842 5900 5903 5921 5925 5943 5953 5957 5978 5991 6023 6025 6033 6043 6050 6090 6094 6107 6114 6134 6186 6205 6254 6255 6281 6326 6329 6334 6337 6364 6384 6385 6394 6396 6397 6414 6415 6431 10505 10506 10507 10521 10526 10530 10533 10534 10535 10539 10541 10544 10548 10552 10555 10559 10560 10561 10567 10568 10570 10572 10573 10574 10576 10578 10580 10581 10585 10586 10589 10591 10593 10596 10597 10598 10599 10600 10602 10604 10605 10606 10607 10608 10611 10612 10615 10616 10618 10619 10620 10623 10624 10626 10627 10629 10630 10631 10632 10633 10634 10635 10636 10639 10640 10642 10643 10644 10645 10646 10649 10650 10651 10652 10654 10656 10657 10658 10659 10660 10663 10664 10668 10670 10674 10675 10676 10679 10680 10681 10684 10685 10686 10687 10688 10690 10691 10694 10696 10697 10698 10699 10700 10701 10702 10704 10705 10706 10707 10708 10712 10713 10714 10716 10717 10718 10720 10723 10725 10727 10728 10729 10730 10731 10732 10733 10734 10735 10736 10743 10744 10745 10746 10747 10748 10749 10752 10754 10755 10758 10759 10760 10761 10762 10764 10765 10766 10767 10768 10769 10770 10771 10772 10773 10774 10775 10776 10777 10778 10779 10780 10782 10786 10787 10788 10789 10791 10792 10794 10796 10798 10799 10800 10802 10803 10806 10807 10809 10810 10811 10813 10814 10815 10816 10819 10820 10821 10825 10826 10827 10829 10830 10831 10832 10833 10834 10835 10837 10839 10840 10841 10842 10844 10845 10847 10849 10850 10852 10853 10858 10859 10861 10862 10863 10864 10865 10866 10870 10871 10872 10873 10874 10875 10876 10880 10881 10882 10883 10884 10885 10886 10888 10889 10890 10891 10892 10895 10896 10900 10901 10902 10903 10904 10906 10909 10910 10912 10914 10918 10919 10920 10921 10922 10923 10924 10925 10926 10928 10929 10932 10934 10936 10938 10939 10941 10942 10943 10944 10945 10946 10947 10950 10951 10952 10956 10958 10959 10960 10961 10963 10966 10969 10970 10973 10975 10976 10977 10978 10980 10981 10987 10988 10989 10990 10991 10992 10995 10996 10998 11000 11001 11003 11005 11013 11015 
	}
	weather={
		period={ #Redone by Pun, we shall see how this goes...
			between={ 0.0 30.0 } #Jan
			temperature={ -8.0 6.0 }
			no_phenomenon=0.500
			rain_light=0.000
			rain_heavy=0.000
			snow=0.500
			blizzard=0.000
			arctic_water=0.000
			mud=0.100
			sandstorm=0.000
			min_snow_level=0.000
		}
		period={
			between={ 0.1 27.1 } #Feb
			temperature={ -10.0 4.0 }
			no_phenomenon=0.500
			rain_light=0.000
			rain_heavy=0.000
			snow=1.500
			blizzard=0.250
			arctic_water=0.000
			mud=0.000
			sandstorm=0.000
			min_snow_level=0.000
		}
		period={
			between={ 0.2 30.2 } #Mar
			temperature={ -1.0 8.0 }
			no_phenomenon=0.500
			rain_light=0.100
			rain_heavy=0.000
			snow=0.550
			blizzard=0.000
			arctic_water=0.000
			mud=0.600
			sandstorm=0.000
			min_snow_level=0.000
		}
		period={
			between={ 0.3 29.3 } #Apr (Minor)
			temperature={ 2.0 12.0 }
			no_phenomenon=0.500
			rain_light=1.000
			rain_heavy=0.550
			snow=0.000
			blizzard=0.000
			arctic_water=0.000
			mud=0.800
			sandstorm=0.000
			min_snow_level=0.000
		}
		period={
			between={ 0.4 30.4 } #May
			temperature={ 8.0 19.0 }
			no_phenomenon=0.500
			rain_light=0.500
			rain_heavy=0.000
			snow=0.000
			blizzard=0.000
			arctic_water=0.000
			mud=0.100
			sandstorm=0.000
			min_snow_level=0.000
		}
		period={
			between={ 0.5 29.5 } #Jun
			temperature={ 14.0 24.0 }
			no_phenomenon=0.500
			rain_light=0.100
			rain_heavy=0.000
			snow=0.000
			blizzard=0.000
			arctic_water=0.000
			mud=0.100
			sandstorm=0.000
			min_snow_level=0.000
		}
		period={
			between={ 0.6 30.6 } #Jul
			temperature={ 16.0 26.0 }
			no_phenomenon=0.500
			rain_light=0.000
			rain_heavy=0.000
			snow=0.000
			blizzard=0.000
			arctic_water=0.000
			mud=0.000
			sandstorm=0.050
			min_snow_level=0.000
		}
		period={
			between={ 0.7 30.7 } #Aug
			temperature={ 18.0 28.0 }
			no_phenomenon=0.500
			rain_light=0.000
			rain_heavy=0.000
			snow=0.000
			blizzard=0.000
			arctic_water=0.000
			mud=0.000
			sandstorm=0.100
			min_snow_level=0.000
		}
		period={
			between={ 0.8 29.8 } #Sep
			temperature={ 14.0 24.0 }
			no_phenomenon=0.500
			rain_light=0.200
			rain_heavy=0.000
			snow=0.000
			blizzard=0.000
			arctic_water=0.000
			mud=0.050
			sandstorm=0.050
			min_snow_level=0.000
		}
		period={
			between={ 0.9 30.9 } #Oct (Major)
			temperature={ 10.0 18.0 }
			no_phenomenon=0.500
			rain_light=2.000
			rain_heavy=0.500
			snow=0.000
			blizzard=0.000
			arctic_water=0.000
			mud=1.000
			sandstorm=0.000
			min_snow_level=0.000
		}
		period={
			between={ 0.10 29.10 } #Nov
			temperature={ -2.0 14.0 }
			no_phenomenon=0.500
			rain_light=1.000
			rain_heavy=0.150
			snow=0.100
			blizzard=0.000
			arctic_water=0.000
			mud=0.300
			sandstorm=0.000
			min_snow_level=0.000
		}
		period={
			between={ 0.11 30.11 } #Dec
			temperature={ -6.0 9.0 }
			no_phenomenon=0.500
			rain_light=0.100
			rain_heavy=0.000
			snow=0.250
			blizzard=0.000
			arctic_water=0.000
			mud=0.000
			sandstorm=0.000
			min_snow_level=0.000
		}
	}
}
