4 7 1342 57 11074 4711 1696 11152 1061 
3 4 1061 6303 4114 11209 
3 6 11209 5234 698 3801 5504 11304 
1 6 11304 3474 3728 2978 1887 202 
1 6 1342 3823 11054 1791 3514 2835 
2 6 2835 4664 2829 11147 4378 1061 
2 8 11209 3713 5759 11276 4085 454 1887 202 
5 16 6031 11106 926 4578 3124 3845 5266 11131 3938 4199 1509 5107 11149 1186 3022 6303 
2 5 3938 4431 5215 4174 2737 
4 13 1342 6076 5948 10997 10979 6162 10894 1322 4774 1476 3832 1010 1891 
2 3 10933 1313 1322 
2 2 438 2155 
4 10 2155 11064 4629 2999 11076 11088 2099 5345 11075 6031 
4 2 2155 11063 
4 5 11063 6434 44 6270 171 
3 5 11304 11309 11313 2745 3110 
5 5 3551 10476 5604 2284 3410 
5 9 3410 3277 1443 10367 2129 10380 10393 10422 10421 
4 5 10476 3937 4626 2383 10421 
3 10 1476 3955 4930 4497 10741 784 10665 1037 3082 10563 
3 11 2835 2044 4672 11128 11133 2082 3880 11103 533 11101 11102 
2 5 4672 3906 5397 11194 5212 
4 5 171 911 4374 11034 166 
3 11 11034 6404 3653 3912 10943 6186 10874 10842 3099 5681 4216 
2 12 3082 5227 10519 5207 6400 10375 10338 10289 10260 10217 10191 2533 
3 49 3082 1425 3840 3161 10609 4759 4301 5377 2433 4800 10662 1999 4904 10583 4134 4017 3257 10570 1009 10612 10597 4709 1786 10578 1150 5222 2841 4665 10591 10573 4839 10585 10598 6396 10574 10568 6023 294 2548 5677 1720 730 4890 10642 317 900 10700 10701 4216 
2 7 5212 2288 5777 11213 969 3809 11231 
1 6 11102 638 4635 2259 1259 11231 
2 8 10701 280 2488 4767 10668 10681 10707 10708 
2 9 10708 2470 10772 10767 2388 5626 10804 2415 4388 
2 8 4388 2123 10893 1222 10967 5520 2722 3655 
3 15 166 11029 1090 5908 2642 2226 5912 4650 11052 4260 5332 11072 2519 11041 3655 
3 6 438 11136 3944 11176 1932 5679 
3 12 3944 4128 5878 3594 4716 1146 858 4249 3001 11281 11288 2059 
4 9 4731 539 4438 1462 584 1412 11302 3055 2059 
3 6 2059 11321 11336 5539 3300 1267 
4 9 4731 715 408 5689 3043 2619 11318 2522 5505 
3 11 5689 441 3291 4192 2986 3797 11165 3225 11112 2768 11072 
4 6 5505 4975 3911 11388 888 4393 
4 9 4393 11441 11450 1015 3724 1859 4436 6123 5051 
3 10 1267 4616 11418 11433 4498 11455 587 2156 463 5051 
2 9 3300 396 11386 3191 234 4976 11380 1007 4282 
3 8 2533 10179 3039 1147 2478 10166 2627 2314 
3 7 2314 891 2356 10205 10197 10194 10200 
3 14 10200 1394 10188 6141 5718 10169 3290 2922 3067 837 10189 10173 10185 5989 
3 12 5989 4280 6418 5909 6356 10170 10180 10163 10164 10165 2482 5824 
2 3 3290 5813 10228 
2 9 10165 10177 10203 4797 10222 2140 4415 10225 4387 
2 11 4387 5140 451 2656 1918 4048 498 10210 4108 3297 5448 
2 12 4048 5213 10242 10231 2266 2995 3570 3051 1600 10226 4567 3104 
1 6 4567 10230 1731 1920 10184 10160 
2 3 2737 4236 3545 
4 11 1342 3698 11026 11031 3837 827 11068 876 4069 11118 5107 
1 7 4374 1226 240 11153 1500 4678 4249 
1 8 438 11120 4221 2783 11126 11137 11144 11153 
1 9 5679 11220 3983 930 4223 439 11215 858 4249 
5 10 3938 6054 11105 5508 4969 6108 11070 4757 11087 6031 
1 3 3845 11110 5508 
1 2 4578 6108 
1 6 876 11058 11069 4900 560 6054 
1 3 11118 11098 4900 
1 3 4199 5012 560 
1 8 3938 11155 11162 1509 6230 4478 11188 4114 
1 9 876 11038 2686 1728 4929 11039 3137 2490 5508 
1 6 5508 11059 11032 4344 11049 11070 
1 2 4969 4344 
1 7 11049 1557 5545 2834 3787 11046 5345 
1 3 6031 11060 2834 
1 3 4757 11045 5545 
1 3 11060 11055 11046 
1 8 11046 11033 2133 4907 1014 2553 11047 11064 
1 2 4629 2553 
1 4 2999 11051 11036 2133 
1 2 11088 1907 
1 3 2099 11065 11033 
1 9 3124 11146 6300 1534 3962 11163 1047 3689 2099 
1 4 11163 4385 1347 11106 
1 3 4578 1379 1347 
1 3 6300 1347 4385 
5 6 6300 4385 5744 11121 11096 11075 
1 4 11106 1591 11121 3689 
1 4 3689 375 11100 11076 
1 7 375 3960 6216 11150 5915 1256 11136 
1 4 438 11116 11123 5915 
1 3 11123 366 11100 
1 2 3960 366 
1 3 3960 6353 5915 
1 2 11123 2999 
1 4 2999 468 11091 438 
1 3 11064 11091 11116 
1 5 11047 1341 2435 2211 6434 
1 3 2155 3712 2435 
1 2 2211 44 
1 3 11047 11014 2435 
1 5 11126 2799 11078 5159 171 
1 4 11126 2043 11141 4221 
1 4 4221 11094 6332 44 
1 3 2155 927 11094 
1 2 927 11120 
1 4 11094 1576 11077 5159 
1 4 44 3162 11077 2799 
1 2 11126 1576 
1 3 6332 3162 11077 
1 2 3162 171 
1 3 11141 1013 3944 
1 5 5215 3741 4765 11192 11210 
1 4 5215 11172 5084 862 
2 4 4385 11163 5579 4957 
1 7 5679 4872 1397 11246 4792 1738 11260 
1 6 51 1942 11297 2665 5000 11260 
2 6 51 3805 11286 11259 11241 5679 
1 3 51 2714 11344 
1 2 11344 5089 
1 2 11344 4881 
1 2 4128 4572 
1 5 11260 3308 428 11316 11327 
1 5 11327 6091 902 4499 893 
1 4 11344 11351 3230 4282 
1 3 4282 872 1957 
