1 51 
1 166 
1 202 
1 438 
1 711 
1 862 
1 876 
1 893 
1 1061 
1 1267 
1 1342 
1 1957 
1 2044 
1 2059 
1 2314 
1 2433 
1 2737 
1 2841 
1 3082 
1 3104 
1 3110 
1 3291 
1 3410 
1 3417 
1 3545 
1 3655 
1 3938 
1 4249 
1 4378 
1 4387 
1 4388 
1 4393 
1 4731 
1 5051 
1 5107 
1 5212 
1 5448 
1 5505 
1 5508 
1 5679 
1 5824 
1 5989 
1 6023 
1 6031 
1 6084 
1 10194 
1 10228 
1 10367 
1 10421 
1 10476 
1 10570 
1 10701 
1 10708 
1 10874 
1 10933 
1 11064 
1 11209 
1 11210 
1 11231 
1 11304 
1 11344 
1 11380 
