
state={
	id=143
	name="STATE_143"

	resources={
		steel=4.000
	}

	history={
		owner = GOI
		add_core_of = GOI
		victory_points = {
			5505 10 
		}
		buildings = {
			infrastructure = 3
			industrial_complex = 1
		}
	}

	provinces={
		2 4 30 97 179 325 441 623 894 1025 1076 1156 1194 1330 1360 1472 1485 1558 1564 1569 1936 1937 1978 2522 2619 2725 2998 3043 3192 3224 3252 3291 3493 3849 3911 4192 4198 4333 4337 4409 4500 4975 5020 5102 5258 5287 5374 5505 5632 5672 5689 5750 6133 6164 6183 11193 11202 11203 11216 11221 11232 11235 11249 11252 11254 11272 11274 11282 11294 11306 11318 11320 11334 11374 11387 11388 11400 11405 
	}
	manpower=102981
	buildings_max_level_factor=1.000
	state_category=town
	local_supplies=0.000
}
