
state={
    id=96
    name="STATE_96"
    provinces={
        100 151 157 183 291 358 386 405 445 568 614 688 697 853 897 990 1064 1078 1167 1299 1365 1383 1408 1457 1481 1550 1565 1745 1777 1827 1841 1883 2063 2067 2086 2108 2138 2213 2245 2276 2384 2403 2429 2483 2646 2657 2747 2826 2866 2997 3098 3223 3324 3379 3411 3453 3494 3568 3716 3812 3965 3967 4010 4040 4072 4255 4328 4397 4408 4477 4516 4530 4533 4644 4656 4670 4725 4730 4859 4862 4979 5169 5183 5315 5483 5562 5563 5576 5651 5682 5871 5914 5983 6038 6049 6069 6127 6140 6181 6204 6213 6241 6440 7307 7393 7411 7450 7470 7484 7499 7538 7542 7583 7594 7607 7621 7622 7630 7635 7647 7648 7664 7678 7683 7698 7706 7711 7721 7726 7739 7747 7751 7765 7775 7785 7789 7816 7835 7836 7844 7848 7849 7855 7870 7880 7882 7887 7891 7903 7925 7926 7931 7932 7950 7976 7983 7984 7985 7995 8009 8014 8026 8027 8038 8039 8049 8059 8060 8071 8072 8073 8080 8081 8082 8108 8114 8119 8124 8134 8153 8159 8160 8165 8176 8186 8197 8212 8215 8216 8219 8227 8232 8261 8266 8271 8304 8322 8323 8342 8396 8409
    }
    history = {
        owner = EMP
        add_core_of = EMP
    }
    manpower=10000
    buildings_max_level_factor=1.000
    state_category=rural
    local_supplies=0.000
}
